todos:
- id: 3
  title: Learn rust lifetimes and borrowing and stuff
  created: 2024-08-31T21:29:06.005504400+02:00
  updated: 2024-08-31T21:29:06.005507200+02:00
  priority: 0
  tags:
  - test
  - rust
spaced_repetition:
- id: 0
  title: Testing this out, let's see :)
  created: 2024-08-31T20:28:35.902393300+02:00
  updated: 2024-08-31T20:46:17.036793900+02:00
  reviewed: 2024-08-31T21:23:57.484266600+02:00
  next_review: 2024-09-04T21:23:57.484271700+02:00
  interval: 4
  ease: 2.0
  priority: 0
  tags:
  - math
  - test
- id: 2
  title: test
  created: 2024-08-31T20:54:32.915143400+02:00
  updated: 2024-08-31T20:54:39.730699600+02:00
  reviewed: 2024-08-31T20:54:39.730705800+02:00
  next_review: 2024-09-02T20:54:39.730707800+02:00
  interval: 2
  ease: 2.0
  priority: 0
  tags: []
tags_ease:
- tag: math
  count: 1
  ease: 50.0
- tag: test
  count: 1
  ease: 50.0
- tag: code
  count: 1
  ease: 50.0
- tag: rust
  count: 1
  ease: 50.0
